telnet openmower 2000 > telnetLogM10.txt

Trying fde9:c42a:c08e:0:405b:9018:b249:34e9...
Trying 192.168.249.109...
Connected to openmower.
Escape character is '^]'.

$GPGGA,151517.00,5303.6231246,N,01414.6107231,E,1,28,0.6,12.939,M,36.974,M,,0000*5A
$GPRMC,151517.00,A,5303.6231246,N,01414.6107231,E,0.028,301.7,280726,0.0,E,A*36
$GPGGA,151517.10,5303.6231265,N,01414.6107218,E,1,28,0.6,12.941,M,36.974,M,,0000*5E
$GPGGA,151517.20,5303.6231279,N,01414.6107216,E,1,28,0.6,12.943,M,36.974,M,,0000*5C
$GPGGA,151517.30,5303.6231288,N,01414.6107212,E,1,28,0.6,12.945,M,36.974,M,,0000*51
$GPGGA,151517.40,5303.6231317,N,01414.6107211,E,1,28,0.6,12.948,M,36.974,M,,0000*5F
$GPGGA,151517.50,5303.6231331,N,01414.6107204,E,1,28,0.6,12.949,M,36.974,M,,0000*5F
$GPGGA,151517.60,5303.6231348,N,01414.6107191,E,1,28,0.6,12.949,M,36.974,M,,0000*5D
$GPGGA,151517.70,5303.6231367,N,01414.6107187,E,1,28,0.6,12.952,M,36.974,M,,0000*5C
$GPGGA,151517.80,5303.6231357,N,01414.6107097,E,1,28,0.6,12.941,M,36.974,M,,0000*52
$GPGGA,151517.90,5303.6231393,N,01414.6107109,E,1,28,0.6,12.943,M,36.974,M,,0000*5F
$GPGSV,2,1,07,05,41,303,38,07,62,073,45,09,31,099,44,11,16,228,34,1*6E
$GPGSV,2,2,07,20,21,281,31,21,67,250,44,30,68,202,44,1*53
$GPGSV,2,1,05,05,41,303,45,07,62,073,46,09,31,099,43,11,16,228,18,6*6B
$GPGSV,2,2,05,30,68,202,44,6*5B
$GPGSV,1,1,03,09,31,099,44,11,16,228,34,30,68,202,50,7*5A
$GLGSV,2,1,08,70,30,108,42,71,77,001,45,72,28,303,35,73,54,152,47,1*77
$GLGSV,2,2,08,80,47,050,38,87,22,280,29,88,16,346,33,91,,,37,1*41
$GLGSV,2,1,06,70,30,108,42,71,77,001,42,72,28,303,29,73,54,152,51,3*76
$GLGSV,2,2,06,80,47,050,41,88,16,346,35,3*77
$GAGSV,3,1,09,07,19,088,37,10,31,305,35,11,16,330,34,12,37,276,40,7*70
$GAGSV,3,2,09,19,54,274,36,27,33,109,44,28,24,270,38,29,72,081,45,7*7F
$GAGSV,3,3,09,33,21,216,42,7*4A
$GAGSV,3,1,09,07,19,088,38,10,31,305,42,11,16,330,39,12,37,276,37,2*77
$GAGSV,3,2,09,19,54,274,40,27,33,109,44,28,24,270,42,29,72,081,51,2*73
$GAGSV,3,3,09,33,21,216,31,2*4B
$GAGSV,3,1,09,07,19,088,36,10,31,305,39,11,16,330,35,12,37,276,33,1*7E
$GAGSV,3,2,09,19,54,274,39,27,33,109,40,28,24,270,37,29,72,081,47,1*7F
$GAGSV,3,3,09,33,21,216,36,1*4F
$GBGSV,2,1,05,12,67,132,48,19,81,281,46,20,46,124,42,22,26,299,36,1*74
$GBGSV,2,2,05,37,45,066,36,1*43
$GBGSV,1,1,01,10,,,25,B*02
$GBGSV,2,1,05,12,67,132,49,19,81,281,52,20,46,124,48,22,26,299,35,8*70
$GBGSV,2,2,05,37,45,066,44,8*4F
$GBGSV,1,1,04,19,81,281,46,20,46,124,47,22,26,299,36,37,45,066,38,5*77
$GPGSA,M,3,05,07,09,11,20,21,30,,,,,,1.0,0.6,0.8,1*25
$GPVTG,189.402,T,189.402,M,0.022,N,0.041,K,A*26
$GPGST,151518.00,0.55,0.47,0.55,0.0000,0.47,0.35,0.55*68
$GPGGA,151518.00,5303.6231412,N,01414.6107107,E,1,28,0.6,12.945,M,36.974,M,,0000*5F
$GPRMC,151518.00,A,5303.6231412,N,01414.6107107,E,0.022,189.4,280726,0.0,E,A*33
$GPGGA,151518.10,5303.6231429,N,01414.6107107,E,1,28,0.6,12.944,M,36.974,M,,0000*57
$GPGGA,151518.20,5303.6231450,N,01414.6107104,E,1,28,0.6,12.946,M,36.974,M,,0000*5B
$GPGGA,151518.30,5303.6231463,N,01414.6107098,E,1,28,0.6,12.947,M,36.974,M,,0000*5F
$GPGGA,151518.40,5303.6231489,N,01414.6107109,E,1,28,0.6,12.949,M,36.974,M,,0000*5B
$GPGGA,151518.50,5303.6231514,N,01414.6107117,E,1,28,0.6,12.952,M,36.974,M,,0000*5A
$GPGGA,151518.60,5303.6231494,N,01414.6107052,E,1,28,0.6,12.945,M,36.974,M,,0000*56
$GPGGA,151518.70,5303.6231516,N,01414.6107058,E,1,28,0.6,12.946,M,36.974,M,,0000*55
$GPGGA,151518.80,5303.6231535,N,01414.6107067,E,1,28,0.6,12.945,M,36.974,M,,0000*54
$GPGGA,151518.90,5303.6231553,N,01414.6107060,E,1,28,0.6,12.945,M,36.974,M,,0000*52
$GPGSV,2,1,07,05,41,303,38,07,62,073,45,09,31,099,44,11,16,228,33,1*69
$GPGSV,2,2,07,20,21,281,31,21,67,250,44,30,68,202,44,1*53
$GPGSV,2,1,05,05,41,303,45,07,62,073,46,09,31,099,44,11,16,228,20,6*67
$GPGSV,2,2,05,30,68,202,44,6*5B
$GPGSV,1,1,03,09,31,099,44,11,16,228,34,30,68,202,49,7*52
$GLGSV,2,1,08,70,30,108,42,71,77,001,45,72,28,303,34,73,54,152,45,1*74
$GLGSV,2,2,08,80,47,050,39,87,22,280,29,88,16,346,33,91,,,37,1*40
$GLGSV,2,1,06,70,30,108,41,71,77,001,42,72,28,303,29,73,54,152,51,3*75
$GLGSV,2,2,06,80,47,050,42,88,16,346,35,3*74
$GAGSV,3,1,09,07,19,088,38,10,31,305,35,11,16,330,35,12,37,276,39,7*70
$GAGSV,3,2,09,19,54,274,36,27,33,109,43,28,24,270,39,29,72,081,46,7*7A
$GAGSV,3,3,09,33,21,216,42,7*4A
$GAGSV,3,1,09,07,19,088,38,10,31,305,42,11,16,330,38,12,37,276,38,2*79
$GAGSV,3,2,09,19,54,274,40,27,33,109,43,28,24,270,42,29,72,081,51,2*74
$GAGSV,3,3,09,33,21,216,32,2*48
$GAGSV,3,1,09,07,19,088,36,10,31,305,40,11,16,330,36,12,37,276,33,1*73
$GAGSV,3,2,09,19,54,274,39,27,33,109,40,28,24,270,38,29,72,081,47,1*70
$GAGSV,3,3,09,33,21,216,35,1*4C
$GBGSV,2,1,05,12,67,132,48,19,81,281,46,20,46,124,42,22,26,299,37,1*75
$GBGSV,2,2,05,37,45,066,36,1*43
$GBGSV,1,1,01,10,,,25,B*02
$GBGSV,2,1,05,12,67,132,49,19,81,281,52,20,46,124,48,22,26,299,35,8*70
$GBGSV,2,2,05,37,45,066,44,8*4F
$GBGSV,1,1,04,19,81,281,46,20,46,124,47,22,26,299,35,37,45,066,39,5*75

telnet> Connection closed.