$GAGSV,2,1,05,03,08,043,27,07,57,182,22,08,54,067,30,13,50,137,30,2*7D
,2,2,05,26,71,292,28,2*42
$GAGSV,2,1,05,03,08,043,30,07,57,182,22,08,54,067,29,13,50,137,34,7*72
$GAGSV,2,2,05,26,71,292,14,7*48
$GAGSV,2,1,05,15,00,131,,24,04,353,,29,09,211,,31,04,306,,0*71
$GAGSV,2,2,05,31,04,306,,0*42
$GBGSV,2,1,06,06,33,064,18,09,36,080,20,16,31,055,26,19,44,241,24,1*70
$GBGSV,2,2,06,23,10,056,29,29,50,202,26,1*72
$GBGSV,1,1,03,06,33,064,24,09,36,080,28,16,31,055,25,3*49
$GBGSV,2,1,05,02,05,104,,13,01,092,,20,82,064,,25,02,009,,0*7D
$GBGSV,2,2,05,25,02,009,,0*4E
$GNGLL,5052.09462,N,01340.17302,E,082922.00,A,D*7B
$GNRMC,082923.00,A,5052.09462,N,01340.17300,E,0.022,,180924,,,D,V*1D
,,T,,M,0.022,N,0.040,K,D*3C
$GNGGA,082923.00,5052.09462,N,01340.17300,E,2,12,0.90,387.0,M,44.0,M,,0000*4D
$GNGSA,A,3,04,28,21,19,02,03,31,17,,,,,1.67,0.90,1.40,1*0D
$GNGSA,A,3,83,77,67,68,69,,,,,,,,1.67,0.90,1.40,2*05
$GNGSA,A,3,08,.67,0.90,1.40,3*06
$GNGSA,A,3,23,16,09,29,19,06,,,,,,,1.67,0.90,1.40,4*02
$GPGSV,3,1,10,02,52,152,31,03,80,310,33,04,42,197,25,17,40,278,28,1*60
$GPGSV,3,2,10,19,30,306,26,21,34,145,30,28,26,061,25,31,,32,1*61
$GPGSV,3,3,10,32,04,044,12,40,21,131,33,1*67
$GPGSV,2,1,05,03,80,310,32,04,42,197,22,17,40,278,17,28,26,061,34,6*67
$GPGSV,2,2,05,31,27,101,35,6*57
$GPGSV,1,1,04,06,12,309,,09,12,213,,12,02,355,,41,04,106,,0*60
$GLGSV,2,1,07,67,11,048,29,68,60,039,09,69,63,240,32,76,09,356,21,1*77
$GLGSV,2,2,07,77,13,039,21,83,36,159,11,85,18,326,27,1*41
$GLGSV,2,1,06,67,11,048,22,68,60,039,14,69,63,240,17,76,09,356,13,3*75
$GLGSV,2,2,06,83,36,159,25,84,71,300,33,3*71
$GLGSV,1,1,02,70,01,232,,90,17,269,,0*7C
$GAGSV,2,1,05,03,08,043,28,07,57,182,23,08,54,067,30,13,50,137,31,2*72
$GAGSV,2,2,05,26,71,292,29,2*43
$GAGSV,2,1,05,03,08,043,29,07,57,182,21,08,54,067,29,13,50,137,34,7*79
$GAGSV,2,2,05,26,71,292,14,7*48
$GAGSV,2,1,05,15,00,131,,24,04,353,,29,09,211,,31,04,306,,0*71
$GAGSV,2,2,05,31,04,306,,0*42
$GBGSV,2,1,06,06,33,064,19,09,36,080,20,16,31,055,26,19,44,241,24,1*71
$GBGSV,2,2,06,23,10,056,20,202,26,1*72
$GBGSV,1,1,03,06,33,064,25,09,36,080,29,16,31,055,25,3*49
,2,1,05,02,05,104,,13,01,092,,20,82,064,,25,02,009,,0*7D
$GBGSV,2,2,05,25,02,009,,0*4E
$GNGLL,5052.09462,N,01340.17300,E,08292,D*78
,082924.00,A,5052.09463,N,01340.17302,E,0.020,,180924,,,D,V*1B
$GNVTG,,T,,M,0.020,N,0.037,K,D*3E
$GNGGA,082924.00,5052.09463,N,01340.17302,E,2,12,0.88,387.1,M,44.0,M,,0000*41
$GNGSA,A,3,04,28,21,19,02,03,31,17,,,,,1.58,0.88,1.31,1*0E
$GNGSA,A,3,83,77,67,68,69,,,,,,,,1.58,0.88,1.31,2*06
$GNGSA,A,3,08,26,13,07,,,,,,,,,1.58,0.88,1.31,3*05
,A,3,23,16,09,29,19,06,,,,,,,1.58,0.88,1.31,4*01
$GPGSV,3,1,10,02,52,152,31,03,80,310,33,04,42,197,25,17,40,278,29,1*61
$GPGSV,3,2,10,19,30,306,26,21,34,145,30,28,26,061,24,31,,32,1*60
,3,3,10,32,04,044,09,40,21,131,33,1*6D
$GPGSV,2,1,05,03,80,310,32,04,42,197,21,17,40,278,17,28,26,061,34,6*64
$GPGSV,2,2,05,31,309,,09,12,213,,12,02,355,,41,04,106,,0*60
$GLGSV,2,1,07,67,11,048,29,68,60,039,12,69,63,240,32,76,09,356,22,1*7E
$GLGSV,2,2,13,039,21,83,36,159,13,85,18,326,26,1*42
$GLGSV,2,1,06,67,11,048,22,68,60,039,17,69,63,240,19,76,09,356,19,3*72
$GLGSV,2,2,06,159,26,84,71,300,33,3*72
$GLGSV,1,1,02,70,01,232,,90,17,269,,0*7C
$GAGSV,2,1,05,03,08,043,28,07,57,182,23,08,54,067,30,13,50,12*72
$GAGSV,2,2,05,26,71,292,29,2*43
$GAGSV,2,1,05,03,08,043,29,07,57,182,22,08,54,067,29,13,50,137,35,7*7B
$GAGSV,2,2,05,26,71,292,15,7*49
,2,1,05,15,00,131,,24,04,353,,29,09,211,,31,04,306,,0*71
$GAGSV,2,2,05,31,04,306,,0*42
,2,1,06,06,33,064,18,09,36,080,20,16,31,055,26,19,44,241,23,1*77
$GBGSV,2,2,06,23,10,056,29,29,50,202,26,1*72
$GBGSV,1,1,03,064,24,09,36,080,28,16,31,055,25,3*49
,2,1,05,02,05,104,,13,01,092,,20,82,064,,25,02,009,,0*7D
$GBGSV,2,2,05,25,02,009,,0*4E
$GNGLL,5052.09463,N,01340.17302,E,08292,D*7C
$GNRMC,082925.00,A,5052.09463,N,01340.17301,E,0.053,,180924,,,D,V*1D
,,T,,M,0.053,N,0.098,K,D*3F
01340.17301,E,2,12,0.88,387.0,M,44.0,M,,0000*42
$GNGSA,A,3,04,28,21,19,02,03,31,17,,,,,1.58,0.88,1.31,1*0E
$GNGSA,A,3,83,77,67,0.88,1.31,2*06
$GNGSA,A,3,08,26,13,07,,,,,,,,,1.58,0.88,1.31,3*05
,A,3,23,16,09,29,19,06,,,,,,,1.58,0.88,1.31,4*01
,3,1,10,02,52,152,31,03,80,310,33,04,42,197,25,17,40,278,28,1*60
$GPGSV,3,2,10,19,30,306,26,21,34,145,30,28,26,061,24,31,27,101,32,1*60
$GPGSV,3,3,10,32,04,044,10,40,21,131,33,1*65
$GPGSV,2,1,05,03,80,310,32,04,42,197,20,17,40,278,16,28,26,061,33,6*63
$GPGSV,2,2,05,31,27,101,35,6*57
$GPGSV,1,1,04,06,12,309,,09,12,213,,12,02,355,,41,04,106,,0*60
$GLGSV,2,1,07,67,11,048,29,68,60,039,14,69,63,240,31,76,09,355,22,1*78
$GLGSV,2,2,07,77,13,039,21,83,36,159,14,85,18,326,26,1*45
$GLGSV,2,1,06,67,11,048,22,68,60,039,14,69,63,240,19,76,09,355,15,3*7E
$GLGSV,2,2,06,83,36,159,26,84,71,300,33,3*72
$GLGSV,1,1,02,70,01,232,,90,17,269,,0*7C
$GAGSV,2,1,05,03,08,043,27,07,57,182,23,08,54,067,30,13,50,137,30,2*7C
$GAGSV,2,2,05,26,71,292,28,2*42
$GAGSV,2,1,05,03,08,043,30,07,57,182,21,08,54,067,29,13,50,137,34,7*71
$GAGSV,2,2,05,26,71,292,16,7*4A
$GAGSV,2,1,05,15,00,131,,24,04,353,,29,09,211,,31,04,306,,0*71
$GAGSV,2,2,05,31,04,306,,0*42
$GBGSV,2,1,06,06,33,064,18,09,36,080,20,16,31,055,26,19,44,241,23,1*77
$GBGSV,2,2,06,23,10,056,29,29,50,202,26,1*72
3,06,33,064,24,09,36,080,28,16,31,055,25,3*49
,2,1,05,02,05,104,,13,01,092,,20,82,064,,25,02,009,,0*7D
$GBGSV,2,2,05,25,02,009,,0*4E
$GNGLL,5052.09463,N,01340.17301,E,08292
FATAL: read zero bytes from port
