root@eSchaf:/opt/open_mower_ros# picocom -i /dev/gps
picocom v3.1

port is        : /dev/gps
flowcontrol    : none
baudrate is    : 9600
parity is      : none
databits are   : 8
stopbits are   : 1
escape is      : C-a
local echo is  : no
noinit is      : yes
noreset is     : no
hangup is      : no
nolock is      : no
send_cmd is    : sz -vv
receive_cmd is : rz -vv -E
imap is        :
omap is        :
emap is        : crcrlf,delbs,
logfile is     : none
initstring     : none
exit_after is  : not set
exit is        : no

Type [C-a] [C-h] to see available commands
Terminal ready
,181344.00,A,5052.09643,N,01340.17135,E,0.028,,180924,,,A,V*1E
$GNVTG,,T,,M,0.028,N,0.052,K,A*30
$GNGGA,181344.00,5052.09643,N,01340.17135,E,1,12,0.59,383.2,M,44.0,M,,*41
,A,3,17,10,22,13,14,15,12,19,24,,,,1.21,0.59,1.06,1*01
$GNGSA,A,3,75,76,84,66,85,67,,,,,,,1.21,0.59,1.06,2*08
,A,3,06,21,09,19,04,,,,,,,,1.21,0.59,1.06,3*0A
,A,3,07,24,26,35,14,10,29,,,,,,1.21,0.59,1.06,4*01
$GPGSV,3,1,11,02,06,018,18,10,19,309,18,12,36,231,22,13,25,157,10,1*69
41,193,25,17,40,071,32,19,44,108,38,1*65
$GPGSV,3,3,11,22,36,059,13,24,73,290,13,40,20,131,33,1*51
$GPGSV,2,1,06,10,19,309,15,12,36,231,14,14,14,060,32,15,41,193,20,6*6D
,2,2,06,17,40,071,34,24,73,290,28,6*65
,2,1,05,21,00,002,,23,18,269,,25,02,238,,32,03,324,,0*6C
$GPGSV,2,2,05,32,03,324,,0*57
,2,1,06,66,55,284,14,67,18,334,28,75,55,048,30,76,53,275,33,1*7A
$GLGSV,2,2,06,84,25,043,27,85,21,101,32,1*78
$GLGSV,2,1,06,66,55,284,20,67,18,334,12,75,55,048,29,76,53,275,30,3*7D
$GLGSV,2,2,06,84,25,043,29,85,21,101,30,3*76
$GLGSV,1,1,03,65,37,207,,74,05,069,,77,10,259,,0*4E
$GAGSV,1,1,04,04,61,201,22,06,63,264,19,09,46,299,35,21,29,058,29,2*78
$GAGSV,2,1,06,04,61,201,20,06,63,264,24,09,46,299,37,15,08,015,13,7*76
$GAGSV,2,2,06,19,13,156,10,21,29,058,28,7*73
$GAGSV,1,1,04,05,01,323,,13,07,063,,14,02,034,,31,41,230,,0*70
$GBGSV,2,1,07,07,23,051,18,10,34,059,20,14,41,248,13,24,50,268,22,1*72
$GBGSV,2,2,07,26,73,070,21,29,24,055,19,35,24,119,32,1*48
$GBGSV,1,1,03,07,23,051,21,10,34,059,23,29,24,055,08,3*48
$GBGSV,1,1,02,02,01,107,,25,00,265,,0*76
$GNGLL,5052.09643,N,01340.17135,E,181344.00,A,A*71
$GNRMC,181345.00,A,5052.09641,N,01340.17139,E,0.014,,180924,,,A,V*1E
$GNVTG,,T,,M,0.014,N,0.026,K,A*3C
$GNGGA,181345.00,5052.09641,N,01340.17139,E,1,12,0.59,383.3,M,44.0,M,,*4F

$GNGSA,A,3,75,76,84,66,85,67,,,,,,,1.21,0.59,1.06,2*08
$GNGSA,A,3,06,21,09,19,04,,,,,,,,1.21,0.59,1.06,3*0A
$GNGSA,A,3,07,24,26,35,14,10,29,,,,,,1.21,0.59,1.06,4*01
$GPGSV,3,1,11,02,06,018,17,10,19,309,18,12,36,231,21,13,25,157,10,1*65
$GPGSV,3,2,11,14,14,060,26,15,41,193,25,17,40,071,32,19,44,108,39,1*64
$GPGSV,3,3,11,22,36,059,16,24,73,290,18,40,20,131,32,1*5E
$GPGSV,2,1,06,10,19,309,15,12,36,231,14,14,14,060,32,15,41,193,19,6*67
$GPGSV,2,2,06,17,40,071,34,24,73,290,28,6*65
$GPGSV,2,1,05,21,00,002,,23,18,269,,25,02,238,,32,03,324,,0*6C
$GPGSV,2,2,05,32,03,324,,0*57
,2,1,06,66,55,284,13,67,18,334,28,75,55,048,32,76,53,275,33,1*7F
$GLGSV,2,2,06,84,25,043,27,85,21,101,32,1*78
,2,1,06,66,55,284,21,67,18,334,11,75,55,048,29,76,53,275,31,3*7E
1,04,04,61,201,21,06,63,264,18,09,47,299,34,21,29,058,29,2*7A
$GAGSV,2,1,06,04,61,201,19,06,63,264,23,09,47,299,37,15,08,015,14$GAGSV,1,1,04,05,01,323,,13,07,063,,14,02,034,,31,41,230,,0*70
$GBGSV,2,1,07,07,23,051,18,10,34,059,20,14,41,248,12,24,50,268,22,1*73
$GBGSV,2,2,07,26,73,070,21,29,24,055,18,35,24,119,32,1*49
$GBGSV,1,1,03,07,23,051,21,10,34,059,23,29,24,055,09,3*49
$GBGSV,1,1,02,02,01,107,,25,00,265,,0*76
$GNGLL,5052.09641,N,01340.17139,E,181345.00,A,A*7E
$GNRMC,181346.00,A,5052.09637,N,01340.17142,E,0.043,,180924,,,A,V*12
$GNVTG,,T,,M,0.043,N,0.079,K,A*34
,181346.00,5052.09637,N,01340.17142,E,1,12,0.58,383.3,M,44.0,M,,*40
$GNGSA,A,3,07,24,26,35,14,10,29,,,,,,1.15,0.58,0.99,4*0000
$GPGSV,3,1,10,02,06,018,18,10,19,309,18,12,36,231,21,13,25,157,15,1*6E
$GPGSV,3,2,10,14,14,060,26,15,41,193,25,17,40,071,32,19,,1*65
$GPGSV,3,3,10,24,73,290,14,40,20,131,33,1*6C
$GPGSV,2,1,06,10,19,309,15,12,36,231,13,14,14,060,32,15,41,193,20,6*6A
$GPGSV,2,2,06,17,40,071,34,24,73,290,28,6*65
$GPGSV,2,1,06,21,00,002,,22,36,059,,23,18,269,,25,02,238,,0*61
6,25,02,238,,32,03,324,,0*68
$GLGSV,2,1,06,66,55,284,13,67,18,334,28,75,55,048,32,76,53,275,33,1*7F
$GLGSV,2,2,06,84,25,043,27,85,21,101,32,1*78
$GLGSV,2,2,06,84,25,043,29,85,21,101,30,3*76
$GLGSV,1,1,03,65,37,207,,74,05,069,,77,10,259,,0*4E
,1,1,04,04,61,201,23,06,63,264,18,09,47,299,35,21,29,058,30,2*71
$GAGSV,2,1,06,04,61,201,20,06,63,264,23,09,47,299,37,15,08,015,12,7*71
$GAGSV,2,2,06,19,13,156,11,21,29,058,27,7*7D
$GAGSV,1,1,04,05,01,323,,13,07,063,,14,02,034,,31,41,230,,0*70
$GNRMC,181347.00,A,5052.09635,N,01340.17146,E,0.025,,180924,,,A,V*15
$GNVTG,,T,,M,0.025,N,0.045,K,A*3B
$GNGGA,181347.00,5052.09635,N,01340.17146,E,1,12,0.61,383.3,M,44.0,M,,*4D
$GNGSA,A,3,17,10,13,14,15,12,19,24,,,,,1.23,0.61,1.07,1*09
$GNGSA,A,3,75,76,84,66,85,67,,,,,,,1.23,0.61,1.07,2*00
$GNGSA,A,3,06,21,09,19,04,,,,,,,,1.23,0.61,1.07,3*02
$GNGSA,A,3,07,24,26,35,10,29,,,,,,,1.23,0.61,1.07,4*0C
$GPGSV,3,1,11,02,06,018,16,10,19,309,19,12,36,231,21,13,25,157,14,1*61
$GPGSV,3,2,11,14,14,060,26,15,41,193,25,17,40,071,32,19,44,108,39,1*64
$GPGSV,3,3,11,22,36,059,18,24,73,290,16,40,20,131,32,1*5E
$GPGSV,2,1,06,10,19,309,16,12,36,231,14,14,14,060,32,15,41,193,19,6*64
$GPGSV,2,2,06,17,40,071,34,24,73,290,28,6*65
$GPGSV,2,1,05,21,00,002,,23,18,269,,25,02,238,,32,03,324,,0*6C
$GPGSV,2,2,05,32,03,324,,0*57
$GLGSV,2,1,06,66,55,284,13,67,18,334,27,75,55,048,32,76,53,275,33,1*70
$GLGSV,2,2,06,84,25,043,27,85,21,101,32,1*78
$GLGSV,2,1,06,66,55,284,21,67,18,334,09,75,55,048,28,76,53,275,31,3*76
$GLGSV,2,2,06,84,25,043,29,85,21,101,30,3*76
,1,1,03,65,37,207,,74,05,069,,77,10,259,,0*4E
$GAGSV,1,1,04,04,61,201,22,06,63,264,18,09,47,299,35,21,29,058,30,2*70
$GAGSV,2,1,06,04,61,201,20,06,63,264,23,09,47,299,37,15,08,015,10,7*73
$GAGSV,2,2,06,19,13,156,09,21,29,058,27,7*74
$GAGSV,1,1,04,05,01,323,,13,07,063,,14,02,034,,31,41,230,,0*70
$GBGSV,2,1,06,07,23,051,18,10,34,059,19,24,50,268,21,26,73,070,21,1*72
$GBGSV,2,2,06,29,24,055,17,35,24,119,32,1*73
$GBGSV,1,1,03,07,23,051,21,10,34,059,23,29,24,055,08,3*48
$GBGSV,1,1,03,02,01,107,,14,41,248,,25,00,265,,0*49
$GNGLL,5052.09635,N,01340.17146,E,181347.00,A,A*77
$GNRMC,181348.00,A,5052.09632,N,01340.17151,E,0.016,,180924,,,A,V*1B
$GNVTG,,T,,M,0.016,N,0.030,K,A*39
$GNGGA,181348.00,5052.09632,N,01340.17151,E,1,12,0.61,383.4,M,44.0,M,,*44
3,0.61,1.07,1*09
,A,3,75,76,84,66,85,67,,,,,,,1.23,0.61,1.07,2*00
$GNGSA,A,3,06,21,09,19,04,,,,,,,,1.23,0.61,1.07,3*02
$GNGSA,A,3,07,24,26,35,10,29,,,,,,,1.23,0.61,1.07,4*0C
,36,231,21,13,25,157,10,1*66
$GPGSV,3,2,11,14,14,060,26,15,41,193,26,17,40,071,31,19,44,108,39,1*64
$GPGSV,3,3,11,22,36,059,17,24,73,290,18,40,20,131,32,1*5F
$GPGSV,2,1,06,10,19,309,16,12,36,231,14,14,14,060,31,15,41,193,20,6*6D
$GPGSV,2,2,06,17,40,071,35,24,73,290,28,6*64
,269,,25,02,238,,32,03,324,,0*6C
$GLGSV,2,1,06,66,55,284,13,67,18,334,27,75,55,048,31,76,53,275,33,1*73
$GLGSV,2,2,06,84,25,043,27,85,21,101,31,1*7B
55,284,21,67,18,334,11,75,55,048,28,76,53,275,31,3*7F
$GLGSV,2,2,06,84,25,043,29,85,21,101,31,3*77
$GLGSV,1,1,03,65,37,207,,74,05,069,,77,10,259,,0*4E
$GAGSV,1,1,04,04,61,201,21,06,63,264,18,09,47,299,34,21,29,058,29,2*7A
$GAGSV,2,1,06,04,61,201,20,06,63,264,23,09,47,299,37,15,08,015,12,7*71
$GAGSV,2,2,06,19,13,156,12,21,29,058,27,7*7E
$GAGSV,1,1,04,05,01,323,,13,07,063,,14,02,034,,31,41,230,,0*70
$GBGSV,2,1,06,07,23,051,18,10,34,059,20,24,50,268,22,26,73,070,21,1*7B
$GBGSV,2,2,06,29,24,055,16,35,24,119,32,1*72
$GBGSV,1,1,03,07,23,051,20,10,34,059,22,29,24,055,07,3*47
$GBGSV,1,1,03,02,01,107,,14,41,248,,25,00,265,,0*49
$GNGLL,5052.09632,N,01340.17151,E,181348.00,A,A*79
$GNRMC,181349.00,A,5052.09628,N,01340.17154,E,0.039,,180924,,,A,V*19
$GNVTG,,T,,M,0.039,N,0.072,K,A*32
,181349.00,5052.09628,N,01340.17154,E,1,12,0.57,383.5,M,44.0,M,,*4F
$GNGSA,A,3,17,10,13,14,15,12,19,24,,,,,1.13,0.57,0.98,1*08
$GNGSA,A,3,75,76,84,66,85,67,,,,,,,1.13,0.57,0.98,2*01
$GNGSA,A,3,06,21,09,19,04,,,,,,,,1.13,0.57,0.98,3*03
$GNGSA,A,3,07,24,26,35,10,29,,,,,,,1.13,0.57,0.98,4*0D
,3,1,11,02,06,018,15,10,19,309,19,12,36,231,20,13,25,157,13,1*64
,3,2,11,14,14,060,26,15,41,193,26,17,40,071,31,19,44,108,39,1*64
$GPGSV,3,3,11,22,36,059,15,24,73,290,18,40,20,131,32,1*5D
$GPGSV,2,1,06,10,19,309,15,12,36,231,15,14,14,060,31,15,41,193,20,6*6F
,2,2,06,17,40,071,35,24,73,290,28,6*64
$GPGSV,2,1,05,21,00,002,,23,18,269,,25,02,238,,32,03,324,,0*6C
$GPGSV,2,2,05,32,03,324,
                        $GLGSV,2,1,06,66,55,284,13,67,18,334,27,75,55,048,31,76,53,275,33,1*73
$GLGSV,2,2,06,84,25,043,27,85,21,101,31,1*7B
21,67,18,334,12,75,55,048,28,76,53,275,31,3*7C
$GLGSV,2,2,06,84,25,043,29,85,21,101,31,3*77
,1,1,03,65,37,207,,74,05,069,,77,10,259,,0*4E
$GAGSV,1,1,04,04,61,201,22,06,63,264,19,09,47,299,35,21,29,058,29,2*79
$GAGSV,2,1,06,04,61,201,19,06,63,264,22,09,47,299,37,15,08,015,14,7*7C
$GAGSV,2,2,06,19,13,156,11,21,29,058,28,7*72
,1,1,04,05,01,323,,13,08,063,,14,02,034,,31,41,230,,0*7F
$GBGSV,2,1,06,07,23,051,18,10,34,059,20,24,50,268,21,26,73,070,21,1*78
$GBGSV,2,2,06,29,24,055,15,35,24,119,32,1*71
$GBGSV,1,1,03,07,23,051,21,10,34,059,23,29,24,055,08,3*48
$GBGSV,1,1,03,02,01,107,,14,41,248,,25,00,265,,0*49
$GNGLL,5052.09628,N,01340.17154,E,181349.00,A,A*76
,181350.00,A,5052.09627,N,01340.17154,E,0.074,,180924,,,A,V*17
$GNVTG,,T,,M,0.074,N,0.136,K,A*3A
$GNGGA,181350.00,5052.09627,N2,0.61,383.5,M,44.0,M,,*4D
,A,3,17,10,13,14,15,12,19,24,,,,,1.23,0.61,1.07,1*09
$GNGSA,A,3,75,76,84,66,85,67,,,,,,,1.23,0.61,1.07,2*00
$GNGSA,A,3,06,21,04,,,,,,,,1.23,0.61,1.07,3*02
$GNGSA,A,3,07,24,26,35,10,29,,,,,,,1.23,0.61,1.07,4*0C
,3,1,12,02,06,018,15,10,19,309,19,12,36,231,19,13,25,157,10,1*6E
$GPGSV,3,2,12,14,14,060,26,15,41,193,25,17,40,071,31,19,44,108$GPGSV,3,3,12,22,36,059,15,23,18,269,16,24,73,290,19,40,20,131,32,1*6D
$GPGSV,2,1,06,10,19,309,15,12,36,231,13,14,14,060,31,15,41,193,21,6*68
$GPGSV,2,2,06,17,40,071,34,24,73,290,27,6*6A
5,02,238,,32,03,324,,41,04,106,,0*6D
$GLGSV,2,1,06,66,55,284,14,67,18,334,27,75,55,048,30,76,53,275,33,1*75
,2,2,06,84,25,043,26,85,21,101,31,1*7A
$GLGSV,2,1,06,66,55,284,22,67,18,334,12,75,55,048,29,76,53,275,31,3*7E
$GLGSV,2,2,06,84,25,043,29,85,21,101,31,3*77
$GLGSV,1,1,03,65,37,207,,74,05,069,,77,10,259,,0*4E
$GAGSV,1,1,04,04,61,201,21,06,63,264,18,09,47,299,34,21,29,058,28,2*7B
$GAGSV,2,1,06,04,61,201,19,06,63,264,22,09,47,299,36,15,08,015,12,7*7B
3,156,09,21,29,058,27,7*74
$GAGSV,1,1,04,05,01,323,,13,08,063,,14,01,033,,31,41,230,,0*7B
$GBGSV,2,1,06,07,23,051,18,10,34,0591*78
$GBGSV,2,2,06,29,24,055,14,35,24,119,32,1*70
$GBGSV,1,1,03,07,23,051,20,10,34,059,22,29,24,055,07,3*47
$GBGSV,1,1,03,02,01,107,,14,41,248,,25,00,265,,0*49
$GNGLL,5052.09627,N,01340.17154,E,181350.00,A,A*71

Terminating...
Thanks for using picocom
